011996121
024184517
025860024
026505875
027951359
028831675
029995719
033743204
033758483
034560763
036581528
036675072
037089984
038808960
039492376
039809991
040636557
051590750
051972032
052292752
052884400
054523022
066526559
201168648
203136999
203446158
204174379
204621114
206024002
206329914
209062025
301112546
301465027
301476743
302242755
302252382
302853205
302941661
303012074
304772411
308153345
308256585
310400122
322544131
337935936
337935944
340968361
905046066
910246776
910831866
926519406
927163147
943821850
953554060
960766608
967433749
970512703
970886958
971026612
974225633
975930454
990304107
992501668
